Timestamp,Type,Raw_Value,PPG_Mean_HR,PPG_SDNN,PPG_RMSSD,GSR_SCL_Mean,GSR_SCR_Amp,GSR_NSSCR_Freq
2026-05-04 22:29:31.081,P,133697,,,,,,
2026-05-04 22:29:31.082,P,105723,,,,,,
2026-05-04 22:29:31.082,P,133427,,,,,,
2026-05-04 22:29:31.142,P,26400,,,,,,
2026-05-04 22:29:31.143,P,91635,,,,,,
2026-05-04 22:29:31.144,P,230938,,,,,,
2026-05-04 22:29:31.200,P,86858,,,,,,
2026-05-04 22:29:31.201,P,225703,,,,,,
2026-05-04 22:29:31.201,P,113202,,,,,,
2026-05-04 22:29:31.261,P,246099,,,,,,
2026-05-04 22:29:31.261,P,50474,,,,,,
2026-05-04 22:29:31.262,P,221532,,,,,,
2026-05-04 22:29:31.322,P,85125,,,,,,
2026-05-04 22:29:31.323,P,199389,,,,,,
2026-05-04 22:29:31.324,P,228233,,,,,,
2026-05-04 22:29:31.383,P,215182,,,,,,
2026-05-04 22:29:31.384,P,19457,,,,,,
2026-05-04 22:29:31.386,P,62876,,,,,,
2026-05-04 22:29:31.440,P,215128,,,,,,
2026-05-04 22:29:31.440,P,24757,,,,,,
2026-05-04 22:29:31.441,P,248973,,,,,,
2026-05-04 22:29:31.502,P,252852,,,,,,
2026-05-04 22:29:31.504,P,89929,,,,,,
2026-05-04 22:29:31.505,P,140331,,,,,,
2026-05-04 22:29:31.562,P,229390,,,,,,
2026-05-04 22:29:31.563,P,222561,,,,,,
2026-05-04 22:29:31.564,P,221601,,,,,,
2026-05-04 22:29:31.621,P,60038,,,,,,
2026-05-04 22:29:31.622,P,73223,,,,,,
2026-05-04 22:29:31.623,P,108037,,,,,,
2026-05-04 22:29:31.680,P,106665,,,,,,
2026-05-04 22:29:31.681,P,258099,,,,,,
2026-05-04 22:29:31.683,P,40743,,,,,,
2026-05-04 22:29:31.740,P,132202,,,,,,
2026-05-04 22:29:31.742,P,144639,,,,,,
2026-05-04 22:29:31.744,P,73926,,,,,,
2026-05-04 22:29:31.802,P,2491,,,,,,
2026-05-04 22:29:31.803,P,239853,,,,,,
2026-05-04 22:29:31.804,P,251750,,,,,,
2026-05-04 22:29:31.860,P,110769,,,,,,
2026-05-04 22:29:31.861,P,110974,,,,,,
2026-05-04 22:29:31.861,P,94953,,,,,,
2026-05-04 22:29:31.921,P,179769,,,,,,
2026-05-04 22:29:31.922,P,207665,,,,,,
2026-05-04 22:29:31.923,P,137898,,,,,,
2026-05-04 22:29:31.982,P,205524,,,,,,
2026-05-04 22:29:31.984,P,6874,,,,,,
2026-05-04 22:29:31.986,P,236399,,,,,,
2026-05-04 22:29:32.041,P,82153,,,,,,
2026-05-04 22:29:32.041,P,109796,,,,,,
2026-05-04 22:29:32.042,P,49552,,,,,,
2026-05-04 22:29:32.102,P,77524,,,,,,
2026-05-04 22:29:32.104,P,97967,,,,,,
2026-05-04 22:29:32.105,P,188213,,,,,,
2026-05-04 22:29:32.160,P,71370,,,,,,
2026-05-04 22:29:32.161,P,2330,,,,,,
2026-05-04 22:29:32.162,P,148830,,,,,,
2026-05-04 22:29:32.220,P,234146,,,,,,
2026-05-04 22:29:32.220,P,240200,,,,,,
2026-05-04 22:29:32.221,P,194043,,,,,,
2026-05-04 22:29:32.280,P,250577,,,,,,
2026-05-04 22:29:32.280,P,84500,,,,,,
2026-05-04 22:29:32.281,P,157314,,,,,,
2026-05-04 22:29:32.341,P,102835,,,,,,
2026-05-04 22:29:32.342,P,136343,,,,,,
2026-05-04 22:29:32.343,P,26069,,,,,,
2026-05-04 22:29:32.400,P,229342,,,,,,
2026-05-04 22:29:32.401,P,136220,,,,,,
2026-05-04 22:29:32.401,P,239840,,,,,,
2026-05-04 22:29:32.461,P,92011,,,,,,
2026-05-04 22:29:32.462,P,134812,,,,,,
2026-05-04 22:29:32.463,P,167091,,,,,,
2026-05-04 22:29:32.520,P,201751,,,,,,
2026-05-04 22:29:32.520,P,40870,,,,,,
2026-05-04 22:29:32.521,P,93176,,,,,,
2026-05-04 22:29:32.581,G,3282,,,,,,
2026-05-04 22:29:32.583,G,3247,,,,,,
2026-05-04 22:29:32.584,G,2726,,,,,,
2026-05-04 22:29:32.640,G,2197,,,,,,
2026-05-04 22:29:32.641,G,2196,,,,,,
2026-05-04 22:29:32.641,G,380,,,,,,
2026-05-04 22:29:32.701,G,1273,,,,,,
2026-05-04 22:29:32.703,G,4071,,,,,,
2026-05-04 22:29:32.705,FEATURE,,92.74824523925781,73986.203125,106824.765625,2316.5,3691.0,3.0
2026-05-04 22:29:32.760,P,227778,,,,,,
2026-05-04 22:29:32.761,P,128963,,,,,,
2026-05-04 22:29:32.762,P,214105,,,,,,
2026-05-04 22:29:32.821,P,35370,,,,,,
2026-05-04 22:29:32.823,P,243435,,,,,,
2026-05-04 22:29:32.824,P,195072,,,,,,
2026-05-04 22:29:32.881,P,89928,,,,,,
2026-05-04 22:29:32.882,P,72696,,,,,,
2026-05-04 22:29:32.884,P,141685,,,,,,
2026-05-04 22:29:32.941,P,208010,,,,,,
2026-05-04 22:29:32.942,P,102798,,,,,,
2026-05-04 22:29:32.943,P,50778,,,,,,
2026-05-04 22:29:33.002,P,73481,,,,,,
2026-05-04 22:29:33.061,P,201463,,,,,,
2026-05-04 22:29:33.063,P,180284,,,,,,
2026-05-04 22:29:33.063,P,82451,,,,,,
2026-05-04 22:29:33.121,P,169449,,,,,,
2026-05-04 22:29:33.122,P,64712,,,,,,
2026-05-04 22:29:33.124,P,231627,,,,,,
2026-05-04 22:29:33.180,P,6532,,,,,,
2026-05-04 22:29:33.180,P,40350,,,,,,
2026-05-04 22:29:33.181,P,209264,,,,,,
2026-05-04 22:29:33.240,P,220323,,,,,,
2026-05-04 22:29:33.241,P,15655,,,,,,
2026-05-04 22:29:33.241,P,147395,,,,,,
2026-05-04 22:29:33.300,P,29976,,,,,,
2026-05-04 22:29:33.301,P,79215,,,,,,
2026-05-04 22:29:33.301,P,226911,,,,,,
2026-05-04 22:29:33.360,P,235598,,,,,,
2026-05-04 22:29:33.360,P,64212,,,,,,
2026-05-04 22:29:33.361,P,186719,,,,,,
2026-05-04 22:29:33.421,P,27532,,,,,,
2026-05-04 22:29:33.423,P,126901,,,,,,
2026-05-04 22:29:33.424,P,72726,,,,,,
2026-05-04 22:29:33.481,P,145116,,,,,,
2026-05-04 22:29:33.483,P,243653,,,,,,
2026-05-04 22:29:33.484,P,115607,,,,,,
2026-05-04 22:29:33.541,P,189853,,,,,,
2026-05-04 22:29:33.542,P,22936,,,,,,
2026-05-04 22:29:33.543,P,117853,,,,,,
2026-05-04 22:29:33.602,P,230026,,,,,,
2026-05-04 22:29:33.603,P,25350,,,,,,
2026-05-04 22:29:33.604,P,224652,,,,,,
2026-05-04 22:29:33.660,P,166673,,,,,,
2026-05-04 22:29:33.660,P,129450,,,,,,
2026-05-04 22:29:33.661,P,41185,,,,,,
2026-05-04 22:29:33.721,P,89466,,,,,,
2026-05-04 22:29:33.722,P,25439,,,,,,
2026-05-04 22:29:33.723,P,259118,,,,,,
2026-05-04 22:29:33.781,P,133004,,,,,,
2026-05-04 22:29:33.782,P,149159,,,,,,
2026-05-04 22:29:33.784,P,208650,,,,,,
2026-05-04 22:29:33.840,P,255063,,,,,,
2026-05-04 22:29:33.840,P,192037,,,,,,
2026-05-04 22:29:33.841,P,181987,,,,,,
2026-05-04 22:29:33.901,P,217511,,,,,,
2026-05-04 22:29:33.902,P,36826,,,,,,
2026-05-04 22:29:33.902,P,67538,,,,,,
2026-05-04 22:29:33.961,P,122499,,,,,,
2026-05-04 22:29:33.962,P,198341,,,,,,
2026-05-04 22:29:33.963,P,195096,,,,,,
2026-05-04 22:29:34.081,P,165353,,,,,,
2026-05-04 22:29:34.083,P,21530,,,,,,
2026-05-04 22:29:34.084,P,168587,,,,,,
2026-05-04 22:29:34.141,P,250506,,,,,,
2026-05-04 22:29:34.142,P,190817,,,,,,
2026-05-04 22:29:34.143,P,32901,,,,,,
2026-05-04 22:29:34.201,P,176446,,,,,,
2026-05-04 22:29:34.203,P,153671,,,,,,
2026-05-04 22:29:34.204,P,218251,,,,,,
2026-05-04 22:29:34.261,P,55975,,,,,,
2026-05-04 22:29:34.263,P,175230,,,,,,
2026-05-04 22:29:34.264,P,185298,,,,,,
2026-05-04 22:29:34.321,P,106779,,,,,,
2026-05-04 22:29:34.322,G,2033,,,,,,
2026-05-04 22:29:34.323,G,1593,,,,,,
2026-05-04 22:29:34.380,G,3710,,,,,,
2026-05-04 22:29:34.381,G,2651,,,,,,
2026-05-04 22:29:34.382,G,2986,,,,,,
2026-05-04 22:29:34.441,G,3408,,,,,,
2026-05-04 22:29:34.441,G,2215,,,,,,
2026-05-04 22:29:34.442,G,3102,,,,,,
2026-05-04 22:29:34.500,P,104900,,,,,,
2026-05-04 22:29:34.501,P,98803,,,,,,
2026-05-04 22:29:34.502,P,99211,,,,,,
2026-05-04 22:29:34.560,P,171557,,,,,,
2026-05-04 22:29:34.560,P,243336,,,,,,
2026-05-04 22:29:34.561,P,3156,,,,,,
2026-05-04 22:29:34.621,P,247006,,,,,,
2026-05-04 22:29:34.621,P,120157,,,,,,
2026-05-04 22:29:34.622,P,255369,,,,,,
2026-05-04 22:29:34.680,P,250818,,,,,,
2026-05-04 22:29:34.680,P,79172,,,,,,
2026-05-04 22:29:34.681,P,207603,,,,,,
2026-05-04 22:29:34.741,P,46105,,,,,,
2026-05-04 22:29:34.742,P,236937,,,,,,
2026-05-04 22:29:34.744,P,38529,,,,,,
2026-05-04 22:29:34.860,P,16777,,,,,,
2026-05-04 22:29:34.861,P,1017,,,,,,
2026-05-04 22:29:34.861,P,107042,,,,,,
2026-05-04 22:29:34.921,P,56381,,,,,,
2026-05-04 22:29:34.923,P,40997,,,,,,
2026-05-04 22:29:34.923,P,206348,,,,,,
2026-05-04 22:29:34.980,P,135925,,,,,,
2026-05-04 22:29:34.981,P,50571,,,,,,
2026-05-04 22:29:34.981,P,229311,,,,,,
2026-05-04 22:29:35.040,P,181519,,,,,,
2026-05-04 22:29:35.041,P,258596,,,,,,
2026-05-04 22:29:35.041,P,252327,,,,,,
2026-05-04 22:29:35.100,P,124417,,,,,,
2026-05-04 22:29:35.100,P,20961,,,,,,
2026-05-04 22:29:35.101,P,96658,,,,,,
2026-05-04 22:29:35.160,P,155794,,,,,,
2026-05-04 22:29:35.160,P,13877,,,,,,
2026-05-04 22:29:35.161,P,30511,,,,,,
2026-05-04 22:29:35.222,P,196192,,,,,,
2026-05-04 22:29:35.224,P,185407,,,,,,
2026-05-04 22:29:35.225,P,12823,,,,,,
2026-05-04 22:29:35.341,P,128475,,,,,,
2026-05-04 22:29:35.343,P,29158,,,,,,
2026-05-04 22:29:35.344,P,30822,,,,,,
2026-05-04 22:29:35.401,P,179958,,,,,,
2026-05-04 22:29:35.401,P,209185,,,,,,
2026-05-04 22:29:35.402,P,74558,,,,,,
2026-05-04 22:29:35.460,P,194419,,,,,,
2026-05-04 22:29:35.460,P,34185,,,,,,
2026-05-04 22:29:35.461,P,84470,,,,,,
2026-05-04 22:29:35.521,P,76538,,,,,,
2026-05-04 22:29:35.521,P,79021,,,,,,
2026-05-04 22:29:35.522,P,24400,,,,,,
2026-05-04 22:29:35.581,P,33270,,,,,,
2026-05-04 22:29:35.582,P,236067,,,,,,
2026-05-04 22:29:35.584,P,157019,,,,,,
2026-05-04 22:29:35.640,P,261927,,,,,,
2026-05-04 22:29:35.640,P,193276,,,,,,
2026-05-04 22:29:35.641,P,232264,,,,,,
2026-05-04 22:29:35.700,P,207528,,,,,,
2026-05-04 22:29:35.701,P,86880,,,,,,
2026-05-04 22:29:35.701,P,190572,,,,,,
2026-05-04 22:29:35.761,P,124412,,,,,,
2026-05-04 22:29:35.763,P,48817,,,,,,
2026-05-04 22:29:35.764,P,23930,,,,,,
2026-05-04 22:29:35.820,P,229133,,,,,,
2026-05-04 22:29:35.821,P,80486,,,,,,
2026-05-04 22:29:35.822,P,176460,,,,,,
2026-05-04 22:29:35.881,P,254479,,,,,,
2026-05-04 22:29:35.883,P,132193,,,,,,
2026-05-04 22:29:35.884,P,66977,,,,,,
2026-05-04 22:29:35.941,P,245679,,,,,,
2026-05-04 22:29:35.941,P,251721,,,,,,
2026-05-04 22:29:35.942,P,4535,,,,,,
2026-05-04 22:29:36.000,P,228970,,,,,,
2026-05-04 22:29:36.001,P,201153,,,,,,
2026-05-04 22:29:36.001,P,1729,,,,,,
2026-05-04 22:29:36.061,P,113549,,,,,,
2026-05-04 22:29:36.061,P,132966,,,,,,
2026-05-04 22:29:36.062,P,40727,,,,,,
2026-05-04 22:29:36.120,G,1882,,,,,,
2026-05-04 22:29:36.120,G,615,,,,,,
2026-05-04 22:29:36.121,G,2858,,,,,,
2026-05-04 22:29:36.180,G,2443,,,,,,
2026-05-04 22:29:36.180,G,631,,,,,,
2026-05-04 22:29:36.181,G,1416,,,,,,
2026-05-04 22:29:36.240,G,357,,,,,,
2026-05-04 22:29:36.242,FEATURE,,90.97722625732422,80574.5546875,108355.5,1728.5999755859375,3023.0,4.0
2026-05-04 22:29:36.300,P,251920,,,,,,
2026-05-04 22:29:36.300,P,171417,,,,,,
2026-05-04 22:29:36.301,P,151950,,,,,,
2026-05-04 22:29:36.361,P,8467,,,,,,
2026-05-04 22:29:36.361,P,122257,,,,,,
2026-05-04 22:29:36.362,P,206103,,,,,,
2026-05-04 22:29:36.421,P,161191,,,,,,
2026-05-04 22:29:36.423,P,254369,,,,,,
2026-05-04 22:29:36.424,P,39586,,,,,,
2026-05-04 22:29:36.480,P,48876,,,,,,
2026-05-04 22:29:36.481,P,102827,,,,,,
2026-05-04 22:29:36.481,P,156780,,,,,,
2026-05-04 22:29:36.541,P,85332,,,,,,
2026-05-04 22:29:36.543,P,21711,,,,,,
2026-05-04 22:29:36.544,P,49679,,,,,,
2026-05-04 22:29:36.601,P,68389,,,,,,
2026-05-04 22:29:36.603,P,223321,,,,,,
2026-05-04 22:29:36.604,P,124717,,,,,,
2026-05-04 22:29:36.661,P,100068,,,,,,
2026-05-04 22:29:36.663,P,18122,,,,,,
2026-05-04 22:29:36.664,P,17948,,,,,,
2026-05-04 22:29:36.722,P,101519,,,,,,
2026-05-04 22:29:36.723,P,250914,,,,,,
2026-05-04 22:29:36.725,P,36887,,,,,,
2026-05-04 22:29:36.781,P,82716,,,,,,
2026-05-04 22:29:36.783,P,133622,,,,,,
2026-05-04 22:29:36.784,P,19505,,,,,,
2026-05-04 22:29:36.841,P,220356,,,,,,
2026-05-04 22:29:36.843,P,85539,,,,,,
2026-05-04 22:29:36.843,P,254181,,,,,,
2026-05-04 22:29:36.901,P,19464,,,,,,
2026-05-04 22:29:36.902,P,26460,,,,,,
2026-05-04 22:29:36.905,P,9849,,,,,,
2026-05-04 22:29:37.021,P,164689,,,,,,
2026-05-04 22:29:37.021,P,258753,,,,,,
2026-05-04 22:29:37.022,P,203438,,,,,,
2026-05-04 22:29:37.081,P,213895,,,,,,
2026-05-04 22:29:37.081,P,37071,,,,,,
2026-05-04 22:29:37.082,P,126671,,,,,,
2026-05-04 22:29:37.140,P,58948,,,,,,
2026-05-04 22:29:37.140,P,145921,,,,,,
2026-05-04 22:29:37.141,P,175025,,,,,,
2026-05-04 22:29:37.200,P,31916,,,,,,
2026-05-04 22:29:37.201,P,70593,,,,,,
2026-05-04 22:29:37.201,P,82548,,,,,,
2026-05-04 22:29:37.260,P,195741,,,,,,
2026-05-04 22:29:37.261,P,29183,,,,,,
2026-05-04 22:29:37.261,P,127550,,,,,,
2026-05-04 22:29:37.320,P,131990,,,,,,
2026-05-04 22:29:37.320,P,202350,,,,,,
2026-05-04 22:29:37.321,P,215442,,,,,,
2026-05-04 22:29:37.381,P,56326,,,,,,
2026-05-04 22:29:37.383,P,19249,,,,,,
2026-05-04 22:29:37.384,P,10569,,,,,,
2026-05-04 22:29:37.441,P,105701,,,,,,
2026-05-04 22:29:37.443,P,2872,,,,,,
2026-05-04 22:29:37.444,P,22599,,,,,,
2026-05-04 22:29:37.500,P,127841,,,,,,
2026-05-04 22:29:37.500,P,102114,,,,,,
2026-05-04 22:29:37.501,P,175697,,,,,,
2026-05-04 22:29:37.561,P,120191,,,,,,
2026-05-04 22:29:37.562,P,242729,,,,,,
2026-05-04 22:29:37.563,P,28119,,,,,,
2026-05-04 22:29:37.621,P,215050,,,,,,
2026-05-04 22:29:37.623,P,185577,,,,,,
2026-05-04 22:29:37.624,P,81018,,,,,,
2026-05-04 22:29:37.680,P,204333,,,,,,
2026-05-04 22:29:37.681,P,238620,,,,,,
2026-05-04 22:29:37.682,P,72044,,,,,,
2026-05-04 22:29:37.740,P,45232,,,,,,
2026-05-04 22:29:37.741,P,114541,,,,,,
2026-05-04 22:29:37.741,P,171071,,,,,,
2026-05-04 22:29:37.800,P,10362,,,,,,
2026-05-04 22:29:37.800,P,244806,,,,,,
2026-05-04 22:29:37.801,P,116210,,,,,,
2026-05-04 22:29:37.861,G,3028,,,,,,
2026-05-04 22:29:37.862,G,3065,,,,,,
2026-05-04 22:29:37.863,G,3484,,,,,,
2026-05-04 22:29:37.922,G,3633,,,,,,
2026-05-04 22:29:37.923,G,1111,,,,,,
2026-05-04 22:29:37.924,G,704,,,,,,
2026-05-04 22:29:37.980,G,396,,,,,,
2026-05-04 22:29:37.981,FEATURE,,86.34974670410156,75418.3359375,100331.5625,2410.89990234375,3352.0,4.0
2026-05-04 22:29:38.040,P,235361,,,,,,
2026-05-04 22:29:38.040,P,169753,,,,,,
2026-05-04 22:29:38.041,P,238398,,,,,,
2026-05-04 22:29:38.100,P,45150,,,,,,
2026-05-04 22:29:38.101,P,130460,,,,,,
2026-05-04 22:29:38.101,P,190304,,,,,,
2026-05-04 22:29:38.160,P,201427,,,,,,
2026-05-04 22:29:38.161,P,224401,,,,,,
2026-05-04 22:29:38.161,P,226782,,,,,,
2026-05-04 22:29:38.220,P,66203,,,,,,
2026-05-04 22:29:38.220,P,148479,,,,,,
2026-05-04 22:29:38.221,P,826,,,,,,
2026-05-04 22:29:38.281,P,205357,,,,,,
2026-05-04 22:29:38.282,P,126621,,,,,,
2026-05-04 22:29:38.283,P,189852,,,,,,
2026-05-04 22:29:38.340,P,130705,,,,,,
2026-05-04 22:29:38.340,P,127116,,,,,,
2026-05-04 22:29:38.341,P,193270,,,,,,
2026-05-04 22:29:38.401,P,195500,,,,,,
2026-05-04 22:29:38.402,P,50721,,,,,,
2026-05-04 22:29:38.403,P,81981,,,,,,
2026-05-04 22:29:38.460,P,41057,,,,,,
2026-05-04 22:29:38.460,P,95723,,,,,,
2026-05-04 22:29:38.461,P,113529,,,,,,
2026-05-04 22:29:38.521,P,252473,,,,,,
2026-05-04 22:29:38.523,P,163412,,,,,,
2026-05-04 22:29:38.524,P,8151,,,,,,
2026-05-04 22:29:38.580,P,141264,,,,,,
2026-05-04 22:29:38.580,P,239231,,,,,,
2026-05-04 22:29:38.581,P,103710,,,,,,
2026-05-04 22:29:38.642,P,197542,,,,,,
2026-05-04 22:29:38.643,P,247940,,,,,,
2026-05-04 22:29:38.644,P,166007,,,,,,
2026-05-04 22:29:38.700,P,220789,,,,,,
2026-05-04 22:29:38.701,P,172572,,,,,,
2026-05-04 22:29:38.701,P,162925,,,,,,
2026-05-04 22:29:38.761,P,27488,,,,,,
2026-05-04 22:29:38.762,P,91342,,,,,,
2026-05-04 22:29:38.763,P,132310,,,,,,
2026-05-04 22:29:38.820,P,20215,,,,,,
2026-05-04 22:29:38.821,P,137863,,,,,,
2026-05-04 22:29:38.823,P,32126,,,,,,
2026-05-04 22:29:38.880,P,202725,,,,,,
2026-05-04 22:29:38.881,P,215452,,,,,,
2026-05-04 22:29:38.881,P,177044,,,,,,
2026-05-04 22:29:38.941,P,131105,,,,,,
2026-05-04 22:29:38.942,P,257649,,,,,,
2026-05-04 22:29:38.943,P,199534,,,,,,
2026-05-04 22:29:39.001,P,7968,,,,,,
2026-05-04 22:29:39.002,P,166566,,,,,,
2026-05-04 22:29:39.003,P,217706,,,,,,
2026-05-04 22:29:39.060,P,71282,,,,,,
2026-05-04 22:29:39.062,P,63179,,,,,,
2026-05-04 22:29:39.062,P,244609,,,,,,
2026-05-04 22:29:39.121,P,92060,,,,,,
2026-05-04 22:29:39.122,P,8280,,,,,,
2026-05-04 22:29:39.123,P,150598,,,,,,
2026-05-04 22:29:39.180,P,240889,,,,,,
2026-05-04 22:29:39.180,P,193134,,,,,,
2026-05-04 22:29:39.181,P,124363,,,,,,
2026-05-04 22:29:39.240,P,21975,,,,,,
2026-05-04 22:29:39.240,P,89102,,,,,,
2026-05-04 22:29:39.241,P,41513,,,,,,
2026-05-04 22:29:39.300,P,255542,,,,,,
2026-05-04 22:29:39.301,P,102787,,,,,,
2026-05-04 22:29:39.301,P,140648,,,,,,
2026-05-04 22:29:39.361,P,199794,,,,,,
2026-05-04 22:29:39.364,P,134119,,,,,,
2026-05-04 22:29:39.365,P,32822,,,,,,
2026-05-04 22:29:39.421,P,189161,,,,,,
2026-05-04 22:29:39.423,P,86047,,,,,,
2026-05-04 22:29:39.424,P,203152,,,,,,
2026-05-04 22:29:39.480,P,35002,,,,,,
2026-05-04 22:29:39.480,P,239793,,,,,,
2026-05-04 22:29:39.481,P,227752,,,,,,
2026-05-04 22:29:39.601,G,451,,,,,,
2026-05-04 22:29:39.601,G,2705,,,,,,
2026-05-04 22:29:39.601,G,2175,,,,,,
2026-05-04 22:29:39.661,G,4014,,,,,,
2026-05-04 22:29:39.663,G,523,,,,,,
2026-05-04 22:29:39.664,G,818,,,,,,
2026-05-04 22:29:39.720,G,2406,,,,,,
2026-05-04 22:29:39.721,FEATURE,,91.10795593261719,76560.8046875,105839.046875,1859.9000244140625,3563.0,5.0
2026-05-04 22:29:39.780,P,199920,,,,,,
2026-05-04 22:29:39.780,P,106897,,,,,,
2026-05-04 22:29:39.781,P,251980,,,,,,
2026-05-04 22:29:39.842,P,137372,,,,,,
2026-05-04 22:29:39.843,P,70445,,,,,,
2026-05-04 22:29:39.845,P,202304,,,,,,
2026-05-04 22:29:39.901,P,252724,,,,,,
2026-05-04 22:29:39.902,P,120426,,,,,,
2026-05-04 22:29:39.904,P,122237,,,,,,
2026-05-04 22:29:39.960,P,35546,,,,,,
2026-05-04 22:29:39.961,P,136927,,,,,,
2026-05-04 22:29:39.961,P,179879,,,,,,
2026-05-04 22:29:40.020,P,124029,,,,,,
2026-05-04 22:29:40.021,P,10337,,,,,,
2026-05-04 22:29:40.021,P,61381,,,,,,
2026-05-04 22:29:40.081,P,208738,,,,,,
2026-05-04 22:29:40.082,P,48077,,,,,,
2026-05-04 22:29:40.084,P,83882,,,,,,
2026-05-04 22:29:40.142,P,216491,,,,,,
2026-05-04 22:29:40.143,P,102330,,,,,,
2026-05-04 22:29:40.145,P,184489,,,,,,
2026-05-04 22:29:40.200,P,257540,,,,,,
2026-05-04 22:29:40.200,P,169345,,,,,,
2026-05-04 22:29:40.201,P,99442,,,,,,
2026-05-04 22:29:40.260,P,228386,,,,,,
2026-05-04 22:29:40.261,P,8572,,,,,,
2026-05-04 22:29:40.261,P,215257,,,,,,
2026-05-04 22:29:40.320,P,218982,,,,,,
2026-05-04 22:29:40.320,P,198522,,,,,,
2026-05-04 22:29:40.321,P,214345,,,,,,
2026-05-04 22:29:40.380,P,176749,,,,,,
2026-05-04 22:29:40.381,P,131522,,,,,,
2026-05-04 22:29:40.381,P,241477,,,,,,
2026-05-04 22:29:40.440,P,150128,,,,,,
2026-05-04 22:29:40.441,P,118002,,,,,,
2026-05-04 22:29:40.441,P,117789,,,,,,
2026-05-04 22:29:40.561,P,146072,,,,,,
2026-05-04 22:29:40.561,P,64157,,,,,,
2026-05-04 22:29:40.620,P,89227,,,,,,
2026-05-04 22:29:40.621,P,244745,,,,,,
2026-05-04 22:29:40.621,P,194908,,,,,,
2026-05-04 22:29:40.622,P,208721,,,,,,
2026-05-04 22:29:40.681,P,105137,,,,,,
2026-05-04 22:29:40.681,P,64023,,,,,,
2026-05-04 22:29:40.682,P,185665,,,,,,
2026-05-04 22:29:40.740,P,184363,,,,,,
2026-05-04 22:29:40.741,P,174165,,,,,,
2026-05-04 22:29:40.741,P,71218,,,,,,
2026-05-04 22:29:40.801,P,79344,,,,,,
2026-05-04 22:29:40.802,P,60693,,,,,,
2026-05-04 22:29:40.803,P,134737,,,,,,
2026-05-04 22:29:40.860,P,181835,,,,,,
2026-05-04 22:29:40.860,P,103801,,,,,,
2026-05-04 22:29:40.861,P,67209,,,,,,
2026-05-04 22:29:40.921,P,29455,,,,,,
2026-05-04 22:29:40.923,P,211966,,,,,,
2026-05-04 22:29:40.924,P,45382,,,,,,
2026-05-04 22:29:40.980,P,152960,,,,,,
2026-05-04 22:29:40.981,P,36819,,,,,,
2026-05-04 22:29:40.981,P,209104,,,,,,
2026-05-04 22:29:41.041,P,3859,,,,,,
2026-05-04 22:29:41.043,P,194629,,,,,,
2026-05-04 22:29:41.045,P,63603,,,,,,
2026-05-04 22:29:41.101,P,210433,,,,,,
2026-05-04 22:29:41.103,P,119911,,,,,,
2026-05-04 22:29:41.104,P,235851,,,,,,
2026-05-04 22:29:41.160,P,80468,,,,,,
2026-05-04 22:29:41.160,P,68417,,,,,,
2026-05-04 22:29:41.161,P,222104,,,,,,
2026-05-04 22:29:41.220,P,59031,,,,,,
2026-05-04 22:29:41.221,P,48079,,,,,,
2026-05-04 22:29:41.221,P,230966,,,,,,
2026-05-04 22:29:41.280,P,197833,,,,,,
2026-05-04 22:29:41.280,P,3517,,,,,,
2026-05-04 22:29:41.340,P,21428,,,,,,
2026-05-04 22:29:41.341,G,1585,,,,,,
2026-05-04 22:29:41.341,G,582,,,,,,
2026-05-04 22:29:41.342,G,2086,,,,,,
2026-05-04 22:29:41.400,G,3774,,,,,,
2026-05-04 22:29:41.400,G,1255,,,,,,
2026-05-04 22:29:41.401,G,3843,,,,,,
2026-05-04 22:29:41.460,G,3472,,,,,,
2026-05-04 22:29:41.461,FEATURE,,90.85110473632812,71871.265625,102602.125,2075.5,3378.0,6.0
2026-05-04 22:29:41.520,P,27788,,,,,,
2026-05-04 22:29:41.520,P,31006,,,,,,
2026-05-04 22:29:41.521,P,35962,,,,,,
2026-05-04 22:29:41.580,P,213420,,,,,,
2026-05-04 22:29:41.581,P,66791,,,,,,
2026-05-04 22:29:41.581,P,65059,,,,,,
2026-05-04 22:29:41.640,P,93555,,,,,,
2026-05-04 22:29:41.640,P,201771,,,,,,
2026-05-04 22:29:41.641,P,48029,,,,,,
2026-05-04 22:29:41.700,P,75907,,,,,,
2026-05-04 22:29:41.701,P,246074,,,,,,
2026-05-04 22:29:41.701,P,125729,,,,,,
2026-05-04 22:29:41.760,P,254307,,,,,,
2026-05-04 22:29:41.760,P,95932,,,,,,
2026-05-04 22:29:41.761,P,173061,,,,,,
2026-05-04 22:29:41.820,P,2303,,,,,,
2026-05-04 22:29:41.821,P,212664,,,,,,
2026-05-04 22:29:41.821,P,116379,,,,,,
2026-05-04 22:29:41.881,P,201024,,,,,,
2026-05-04 22:29:41.883,P,173893,,,,,,
2026-05-04 22:29:41.884,P,246118,,,,,,
2026-05-04 22:29:41.940,P,74934,,,,,,
2026-05-04 22:29:41.940,P,190602,,,,,,
2026-05-04 22:29:41.941,P,75037,,,,,,
2026-05-04 22:29:42.000,P,123206,,,,,,
2026-05-04 22:29:42.002,P,138862,,,,,,
2026-05-04 22:29:42.003,P,209575,,,,,,
2026-05-04 22:29:42.060,P,128317,,,,,,
2026-05-04 22:29:42.060,P,47903,,,,,,
2026-05-04 22:29:42.061,P,1054,,,,,,
2026-05-04 22:29:42.121,P,212898,,,,,,
2026-05-04 22:29:42.122,P,117376,,,,,,
2026-05-04 22:29:42.123,P,41952,,,,,,
2026-05-04 22:29:42.181,P,18426,,,,,,
2026-05-04 22:29:42.182,P,186199,,,,,,
2026-05-04 22:29:42.183,P,31109,,,,,,
2026-05-04 22:29:42.240,P,232004,,,,,,
2026-05-04 22:29:42.240,P,123762,,,,,,
2026-05-04 22:29:42.300,P,154443,,,,,,
2026-05-04 22:29:42.301,P,40387,,,,,,
2026-05-04 22:29:42.301,P,14865,,,,,,
2026-05-04 22:29:42.360,P,192892,,,,,,
2026-05-04 22:29:42.360,P,24702,,,,,,
2026-05-04 22:29:42.361,P,185393,,,,,,
2026-05-04 22:29:42.420,P,26111,,,,,,
2026-05-04 22:29:42.421,P,17171,,,,,,
2026-05-04 22:29:42.421,P,141114,,,,,,
2026-05-04 22:29:42.540,P,65491,,,,,,
2026-05-04 22:29:42.541,P,229235,,,,,,
2026-05-04 22:29:42.541,P,38269,,,,,,
2026-05-04 22:29:42.601,P,179161,,,,,,
2026-05-04 22:29:42.602,P,247196,,,,,,
2026-05-04 22:29:42.604,P,120423,,,,,,
2026-05-04 22:29:42.662,P,105096,,,,,,
2026-05-04 22:29:42.663,P,23632,,,,,,
2026-05-04 22:29:42.664,P,149071,,,,,,
2026-05-04 22:29:42.720,P,237818,,,,,,
2026-05-04 22:29:42.720,P,79747,,,,,,
2026-05-04 22:29:42.721,P,157988,,,,,,
2026-05-04 22:29:42.780,P,62889,,,,,,
2026-05-04 22:29:42.781,P,110700,,,,,,
2026-05-04 22:29:42.781,P,195624,,,,,,
2026-05-04 22:29:42.841,P,139533,,,,,,
2026-05-04 22:29:42.842,P,156226,,,,,,
2026-05-04 22:29:42.901,P,181508,,,,,,
2026-05-04 22:29:42.902,P,10347,,,,,,
2026-05-04 22:29:42.904,P,153329,,,,,,
2026-05-04 22:29:42.905,P,203601,,,,,,
2026-05-04 22:29:42.960,P,22523,,,,,,
2026-05-04 22:29:42.961,P,247615,,,,,,
2026-05-04 22:29:42.961,P,214351,,,,,,
2026-05-04 22:29:43.020,P,124494,,,,,,
2026-05-04 22:29:43.020,P,174961,,,,,,
2026-05-04 22:29:43.021,P,1013,,,,,,
2026-05-04 22:29:43.080,G,1334,,,,,,
2026-05-04 22:29:43.082,G,529,,,,,,
2026-05-04 22:29:43.083,G,3168,,,,,,
2026-05-04 22:29:43.142,G,3882,,,,,,
2026-05-04 22:29:43.144,G,2502,,,,,,
2026-05-04 22:29:43.145,G,3239,,,,,,
2026-05-04 22:29:43.200,G,258,,,,,,
2026-05-04 22:29:43.201,G,3663,,,,,,
2026-05-04 22:29:43.202,FEATURE,,87.98881530761719,76290.4140625,112374.578125,2052.0,3624.0,4.0
2026-05-04 22:29:43.260,P,102326,,,,,,
2026-05-04 22:29:43.260,P,76209,,,,,,
2026-05-04 22:29:43.261,P,190727,,,,,,
2026-05-04 22:29:43.320,P,251954,,,,,,
2026-05-04 22:29:43.320,P,40884,,,,,,
2026-05-04 22:29:43.321,P,248961,,,,,,
2026-05-04 22:29:43.381,P,83362,,,,,,
2026-05-04 22:29:43.382,P,158740,,,,,,
2026-05-04 22:29:43.384,P,92716,,,,,,
2026-05-04 22:29:43.441,P,160322,,,,,,
2026-05-04 22:29:43.442,P,11252,,,,,,
2026-05-04 22:29:43.444,P,233115,,,,,,
2026-05-04 22:29:43.500,P,203487,,,,,,
2026-05-04 22:29:43.501,P,186760,,,,,,
2026-05-04 22:29:43.502,P,205794,,,,,,
2026-05-04 22:29:43.561,P,194309,,,,,,
2026-05-04 22:29:43.620,P,181061,,,,,,
2026-05-04 22:29:43.620,P,140337,,,,,,
2026-05-04 22:29:43.620,P,111494,,,,,,
2026-05-04 22:29:43.621,P,141505,,,,,,
2026-05-04 22:29:43.681,P,213012,,,,,,
2026-05-04 22:29:43.800,P,73295,,,,,,
2026-05-04 22:29:43.802,P,252709,,,,,,
2026-05-04 22:29:43.803,P,174055,,,,,,
2026-05-04 22:29:43.805,P,154199,,,,,,
2026-05-04 22:29:43.861,P,102102,,,,,,
2026-05-04 22:29:43.862,P,500,,,,,,
2026-05-04 22:29:43.863,P,107908,,,,,,
2026-05-04 22:29:43.921,P,209236,,,,,,
2026-05-04 22:29:43.923,P,228041,,,,,,
2026-05-04 22:29:43.924,P,162597,,,,,,
2026-05-04 22:29:43.981,P,115592,,,,,,
2026-05-04 22:29:43.983,P,91268,,,,,,
2026-05-04 22:29:43.984,P,134866,,,,,,
2026-05-04 22:29:44.040,P,96212,,,,,,
2026-05-04 22:29:44.040,P,107233,,,,,,
2026-05-04 22:29:44.041,P,72056,,,,,,
2026-05-04 22:29:44.100,P,175012,,,,,,
2026-05-04 22:29:44.101,P,226051,,,,,,
2026-05-04 22:29:44.102,P,202678,,,,,,
2026-05-04 22:29:44.162,P,71069,,,,,,
2026-05-04 22:29:44.164,P,229218,,,,,,
2026-05-04 22:29:44.165,P,144480,,,,,,
2026-05-04 22:29:44.220,P,88854,,,,,,
2026-05-04 22:29:44.220,P,19022,,,,,,
2026-05-04 22:29:44.221,P,143897,,,,,,
2026-05-04 22:29:44.280,P,176152,,,,,,
2026-05-04 22:29:44.280,P,176632,,,,,,
2026-05-04 22:29:44.281,P,33852,,,,,,
2026-05-04 22:29:44.340,P,34459,,,,,,
2026-05-04 22:29:44.341,P,82066,,,,,,
2026-05-04 22:29:44.341,P,90315,,,,,,
2026-05-04 22:29:44.400,P,149347,,,,,,
2026-05-04 22:29:44.400,P,218364,,,,,,
2026-05-04 22:29:44.401,P,64919,,,,,,
2026-05-04 22:29:44.461,P,198793,,,,,,
2026-05-04 22:29:44.463,P,49444,,,,,,
2026-05-04 22:29:44.465,P,92851,,,,,,
2026-05-04 22:29:44.520,P,118711,,,,,,
2026-05-04 22:29:44.521,P,245483,,,,,,
2026-05-04 22:29:44.521,P,246019,,,,,,
2026-05-04 22:29:44.580,P,257280,,,,,,
2026-05-04 22:29:44.581,P,42604,,,,,,
2026-05-04 22:29:44.582,P,106389,,,,,,
2026-05-04 22:29:44.640,P,31842,,,,,,
2026-05-04 22:29:44.640,P,28569,,,,,,
2026-05-04 22:29:44.641,P,1602,,,,,,
2026-05-04 22:29:44.700,P,177806,,,,,,
2026-05-04 22:29:44.700,P,64071,,,,,,
2026-05-04 22:29:44.701,P,169109,,,,,,
2026-05-04 22:29:44.761,P,160482,,,,,,
2026-05-04 22:29:44.763,P,248528,,,,,,
2026-05-04 22:29:44.764,P,138452,,,,,,
2026-05-04 22:29:44.821,P,160847,,,,,,
2026-05-04 22:29:44.822,G,2491,,,,,,
2026-05-04 22:29:44.824,G,632,,,,,,
2026-05-04 22:29:44.880,G,749,,,,,,
2026-05-04 22:29:44.881,G,2443,,,,,,
2026-05-04 22:29:44.881,G,3619,,,,,,
2026-05-04 22:29:44.940,G,2075,,,,,,
2026-05-04 22:29:44.941,G,992,,,,,,
2026-05-04 22:29:44.942,G,3242,,,,,,
2026-05-04 22:29:45.000,P,144462,,,,,,
2026-05-04 22:29:45.000,P,111001,,,,,,
2026-05-04 22:29:45.001,P,28092,,,,,,
2026-05-04 22:29:45.060,P,155274,,,,,,
2026-05-04 22:29:45.060,P,211771,,,,,,
2026-05-04 22:29:45.061,P,208922,,,,,,
2026-05-04 22:29:45.120,P,62166,,,,,,
2026-05-04 22:29:45.121,P,144742,,,,,,
2026-05-04 22:29:45.121,P,180959,,,,,,
2026-05-04 22:29:45.181,P,139683,,,,,,
2026-05-04 22:29:45.183,P,34108,,,,,,
2026-05-04 22:29:45.184,P,223058,,,,,,
2026-05-04 22:29:45.240,P,60323,,,,,,
2026-05-04 22:29:45.241,P,194017,,,,,,
2026-05-04 22:29:45.242,P,174283,,,,,,
2026-05-04 22:29:45.301,P,134426,,,,,,
2026-05-04 22:29:45.302,P,105608,,,,,,
2026-05-04 22:29:45.303,P,42453,,,,,,
2026-05-04 22:29:45.361,P,66342,,,,,,
2026-05-04 22:29:45.363,P,112638,,,,,,
2026-05-04 22:29:45.364,P,5518,,,,,,
2026-05-04 22:29:45.421,P,89088,,,,,,
2026-05-04 22:29:45.423,P,105257,,,,,,
2026-05-04 22:29:45.424,P,88706,,,,,,
2026-05-04 22:29:45.540,P,191720,,,,,,
2026-05-04 22:29:45.541,P,19621,,,,,,
2026-05-04 22:29:45.541,P,208884,,,,,,
2026-05-04 22:29:45.542,P,258470,,,,,,
2026-05-04 22:29:45.601,P,103123,,,,,,
2026-05-04 22:29:45.602,P,241805,,,,,,
2026-05-04 22:29:45.603,P,139747,,,,,,
2026-05-04 22:29:45.721,P,77610,,,,,,
2026-05-04 22:29:45.722,P,58180,,,,,,
2026-05-04 22:29:45.723,P,198788,,,,,,
2026-05-04 22:29:45.724,P,202640,,,,,,
2026-05-04 22:29:45.779,P,51738,,,,,,
2026-05-04 22:29:45.780,P,42573,,,,,,
2026-05-04 22:29:45.780,P,159867,,,,,,
2026-05-04 22:29:45.840,P,189184,,,,,,
2026-05-04 22:29:45.841,P,68539,,,,,,
2026-05-04 22:29:45.900,P,93842,,,,,,
2026-05-04 22:29:45.900,P,190346,,,,,,
2026-05-04 22:29:45.901,P,161567,,,,,,
2026-05-04 22:29:45.960,P,160288,,,,,,
2026-05-04 22:29:45.963,P,186584,,,,,,
2026-05-04 22:29:45.964,P,206066,,,,,,
2026-05-04 22:29:46.020,P,192814,,,,,,
2026-05-04 22:29:46.021,P,181280,,,,,,
2026-05-04 22:29:46.021,P,74976,,,,,,
2026-05-04 22:29:46.080,P,36136,,,,,,
2026-05-04 22:29:46.080,P,171905,,,,,,
2026-05-04 22:29:46.081,P,254195,,,,,,
2026-05-04 22:29:46.141,P,188177,,,,,,
2026-05-04 22:29:46.143,P,163817,,,,,,
2026-05-04 22:29:46.144,P,149219,,,,,,
2026-05-04 22:29:46.201,P,78990,,,,,,
2026-05-04 22:29:46.202,P,141202,,,,,,
2026-05-04 22:29:46.204,P,208906,,,,,,
2026-05-04 22:29:46.260,P,105430,,,,,,
2026-05-04 22:29:46.260,P,210991,,,,,,
2026-05-04 22:29:46.261,P,238032,,,,,,
2026-05-04 22:29:46.320,P,99995,,,,,,
2026-05-04 22:29:46.320,P,110879,,,,,,
2026-05-04 22:29:46.321,P,136701,,,,,,
2026-05-04 22:29:46.381,P,89211,,,,,,
2026-05-04 22:29:46.383,P,201761,,,,,,
2026-05-04 22:29:46.384,P,142926,,,,,,
2026-05-04 22:29:46.441,P,228217,,,,,,
2026-05-04 22:29:46.442,P,178303,,,,,,
2026-05-04 22:29:46.443,P,211935,,,,,,
2026-05-04 22:29:46.500,P,131258,,,,,,
2026-05-04 22:29:46.501,P,33613,,,,,,
2026-05-04 22:29:46.501,P,73482,,,,,,
2026-05-04 22:29:46.561,G,2857,,,,,,
2026-05-04 22:29:46.563,G,3903,,,,,,
2026-05-04 22:29:46.565,G,1629,,,,,,
2026-05-04 22:29:46.621,G,229,,,,,,
2026-05-04 22:29:46.622,G,2683,,,,,,
2026-05-04 22:29:46.623,G,3113,,,,,,
2026-05-04 22:29:46.680,G,1842,,,,,,
2026-05-04 22:29:46.681,FEATURE,,91.08177185058594,66422.5390625,95405.0234375,2108.699951171875,3802.0,5.0
2026-05-04 22:29:46.740,P,202759,,,,,,
2026-05-04 22:29:46.740,P,38157,,,,,,
2026-05-04 22:29:46.741,P,235124,,,,,,
2026-05-04 22:29:46.801,P,70629,,,,,,
2026-05-04 22:29:46.803,P,131413,,,,,,
2026-05-04 22:29:46.804,P,50430,,,,,,
2026-05-04 22:29:46.860,P,25432,,,,,,
2026-05-04 22:29:46.862,P,34926,,,,,,
2026-05-04 22:29:46.864,P,94041,,,,,,
2026-05-04 22:29:46.921,P,7446,,,,,,
2026-05-04 22:29:46.923,P,174608,,,,,,
2026-05-04 22:29:46.924,P,78550,,,,,,
2026-05-04 22:29:46.981,P,192562,,,,,,
2026-05-04 22:29:46.982,P,40968,,,,,,
2026-05-04 22:29:46.983,P,152934,,,,,,
2026-05-04 22:29:47.041,P,175860,,,,,,
2026-05-04 22:29:47.043,P,61271,,,,,,
2026-05-04 22:29:47.044,P,48225,,,,,,
2026-05-04 22:29:47.100,P,68915,,,,,,
2026-05-04 22:29:47.102,P,145178,,,,,,
2026-05-04 22:29:47.103,P,15369,,,,,,
2026-05-04 22:29:47.160,P,16654,,,,,,
2026-05-04 22:29:47.162,P,19789,,,,,,
2026-05-04 22:29:47.163,P,11778,,,,,,
2026-05-04 22:29:47.220,P,44600,,,,,,
2026-05-04 22:29:47.221,P,213212,,,,,,
2026-05-04 22:29:47.222,P,109070,,,,,,
2026-05-04 22:29:47.280,P,244519,,,,,,
2026-05-04 22:29:47.281,P,253286,,,,,,
2026-05-04 22:29:47.282,P,9122,,,,,,
2026-05-04 22:29:47.340,P,250666,,,,,,
2026-05-04 22:29:47.340,P,212300,,,,,,
2026-05-04 22:29:47.341,P,15325,,,,,,
2026-05-04 22:29:47.401,P,71728,,,,,,
2026-05-04 22:29:47.403,P,237069,,,,,,
2026-05-04 22:29:47.404,P,166817,,,,,,
2026-05-04 22:29:47.461,P,136524,,,,,,
2026-05-04 22:29:47.463,P,241682,,,,,,
2026-05-04 22:29:47.464,P,147688,,,,,,
2026-05-04 22:29:47.520,P,161965,,,,,,
2026-05-04 22:29:47.520,P,222429,,,,,,
2026-05-04 22:29:47.521,P,110668,,,,,,
2026-05-04 22:29:47.581,P,200574,,,,,,
2026-05-04 22:29:47.582,P,96696,,,,,,
2026-05-04 22:29:47.583,P,207648,,,,,,
2026-05-04 22:29:47.700,P,184820,,,,,,
2026-05-04 22:29:47.702,P,209809,,,,,,
2026-05-04 22:29:47.703,P,50382,,,,,,
2026-05-04 22:29:47.704,P,132803,,,,,,
2026-05-04 22:29:47.760,P,89576,,,,,,
2026-05-04 22:29:47.760,P,89617,,,,,,
2026-05-04 22:29:47.761,P,169678,,,,,,
2026-05-04 22:29:47.821,P,17009,,,,,,
2026-05-04 22:29:47.823,P,92338,,,,,,
2026-05-04 22:29:47.824,P,94904,,,,,,
2026-05-04 22:29:47.881,P,229200,,,,,,
2026-05-04 22:29:47.883,P,116651,,,,,,
2026-05-04 22:29:47.886,P,44611,,,,,,
2026-05-04 22:29:47.941,P,205628,,,,,,
2026-05-04 22:29:47.943,P,207599,,,,,,
2026-05-04 22:29:47.944,P,236948,,,,,,
2026-05-04 22:29:48.001,P,197982,,,,,,
2026-05-04 22:29:48.003,P,212980,,,,,,
2026-05-04 22:29:48.004,P,36932,,,,,,
2026-05-04 22:29:48.061,P,175326,,,,,,
2026-05-04 22:29:48.063,P,211570,,,,,,
2026-05-04 22:29:48.064,P,253472,,,,,,
2026-05-04 22:29:48.121,P,43890,,,,,,
2026-05-04 22:29:48.123,P,162843,,,,,,
2026-05-04 22:29:48.124,P,135348,,,,,,
2026-05-04 22:29:48.182,P,48779,,,,,,
2026-05-04 22:29:48.184,G,2290,,,,,,
2026-05-04 22:29:48.186,G,3273,,,,,,
2026-05-04 22:29:48.241,G,101,,,,,,
2026-05-04 22:29:48.243,G,3324,,,,,,
2026-05-04 22:29:48.244,G,1769,,,,,,
2026-05-04 22:29:48.323,G,209,,,,,,
2026-05-04 22:29:48.323,G,2904,,,,,,
2026-05-04 22:29:48.324,G,1446,,,,,,
